1 462.8
2 453.7
3 443.6
4 458.1
5 469.6
6 446.9
7 480
8 472.2
9 480.1
10 467.1
12 2451.3
14 465.4
16 514.6
18 501.6
20 512.4
23 502.4
26 500.2
29 530.7
32 924.7
36 670
40 720
45 721.3
50 688.7
56 718.2
62 702.1
69 687.3
76 620.6
84 546.9
93 472.9
103 474.1
114 493.8
126 495.8
139 764.7
153 519.5
169 527.3
186 543
205 564.5
226 591
249 741.9
274 796
302 915.9
333 787.3
367 812.2
404 977.7
445 1000.2
490 1418.6
540 1097
595 2121
655 1349.5
721 1302
794 1517.7
874 1562.2
962 2622.9
1059 2769.9
1165 3179.3
1282 1956.3
1411 3504.1
1553 2527.1
1709 3545.9
1880 2803.4
2069 2883.1
2276 4174.4
2504 3380.2
2755 3895.1
3031 4240.9
3335 4872.4
3669 5018.1
4036 5920.6
4440 7246.8
4885 8863.2
