2 2395
3 866.9
4 1395.9
5 1270.1
6 1328.9
7 1314.3
8 1552.3
9 1626.6
10 1713.9
12 2734.7
14 2990.5
16 3745.3
18 3546.2
20 5550.4
23 6196.1
26 5992.5
29 9790.4
32 7921
36 8609.1
40 10793.7
45 11239.1
50 13225.4
56 16140.7
62 19312.4
69 20201.5
76 24121.8
84 27606.1
93 31375.9
103 32927.6
114 38382
126 48295.3
139 54534.4
153 59209.3
169 69156.5
186 76662.8
205 90366
226 100668
249 109991
274 124431
302 144565
333 193543
367 174776
404 193988
445 212503
490 242141
540 262041
595 365880
655 344065
721 359553
794 476153
874 524159
962 512104
1059 563151
1165 624351
1282 684731
1411 793612
1553 870021
1709 963320
1880 1.12151e+06
2069 1.24797e+06
2276 1.34396e+06
2504 1.49826e+06
2755 1.65944e+06
3031 2.0194e+06
3335 2.03771e+06
3669 2.26917e+06
4036 2.50647e+06
4440 2.82597e+06
4885 3.20074e+06
