2 527980
3 482001
4 478111
5 486131
6 529341
7 482979
8 559495
9 478894
10 484277
12 484188
14 607728
16 482588
18 486396
20 488525
23 490481
26 489194
29 647800
32 510850
36 499672
40 505301
45 504001
50 512559
56 593421
62 528752
69 536289
76 541581
84 560960
93 578975
103 642308
114 618703
126 649169
139 686289
153 798364
169 783878
186 839824
205 906814
226 1.07392e+06
249 1.09151e+06
274 1.32623e+06
302 1.37827e+06
333 1.76222e+06
367 1.80132e+06
404 2.10081e+06
445 2.52998e+06
490 2.98477e+06
540 3.33431e+06
595 3.95352e+06
655 4.64824e+06
721 5.4202e+06
794 6.48504e+06
874 7.63628e+06
