2 247211
3 257105
4 223845
5 224549
6 246292
7 219480
8 220837
9 231337
10 220599
12 219079
14 219684
16 251746
18 223928
20 224852
23 223203
26 226273
29 225964
32 268537
36 231536
40 230689
45 231843
50 232777
56 238607
62 265345
69 244711
76 252689
84 261852
93 262768
103 311716
114 288428
126 301894
139 315942
153 334805
169 387199
186 386105
205 443874
226 512130
249 509346
274 566837
302 632389
333 726644
367 837782
404 1.03621e+06
445 1.13797e+06
490 1.2967e+06
540 1.57975e+06
595 1.8313e+06
655 2.13787e+06
721 2.50877e+06
794 2.99518e+06
874 3.51408e+06
