1 799.6
2 1074.8
3 1149.6
4 1149.2
5 1136
6 1183.6
7 1160.8
8 1215.6
9 1148.8
10 1191.6
12 1210.8
14 1278.4
16 1203.6
18 1321.6
20 1297.6
23 1328
26 1277.2
29 1308.4
32 1280.8
36 1370.4
40 1184
45 1037.6
50 1031.2
56 1054.8
62 1013.6
69 1047.6
76 1055.2
84 1084.4
93 1100.8
103 1142
114 1168
126 1166.8
139 1180.8
153 1212
169 1278.8
186 1279.2
205 1328
226 1382.8
249 1441.6
274 2026
302 2026.8
333 2075.2
367 2150.4
404 2213.2
445 2334.8
490 2406.8
540 2510
595 2642.8
655 2731.6
721 2874.8
794 3072.8
874 3174.8
962 3520
1059 5809.2
1165 3778.4
1282 4099.6
1411 7345.6
1553 4609.2
1709 4848
1880 5213.2
2069 5544
2276 6126
2504 6432.4
2755 7180
3031 7616.8
3335 8324.8
3669 8948
4036 9989.2
4440 11203.2
4885 20313.6
