2 1077.6
3 1536.8
4 1767.2
5 2060.4
6 2799.6
7 2635.6
8 3123.2
9 3385.6
10 3442.4
12 5282.8
14 5936.8
16 7238.8
18 7126
20 10070.8
23 12110
26 11769.6
29 14218.8
32 14408.4
36 15884
40 20240.8
45 20609.6
50 25265.6
56 30212.4
62 34653.2
69 36860
76 44466
84 48504
93 58607.2
103 62436.8
114 72012.8
126 91127.6
139 104799
153 116101
169 140665
186 149543
205 179650
226 207053
249 233024
274 266902
302 336108
333 330786
367 371085
404 411929
445 453387
490 528906
540 572491
595 647626
655 733172
721 776412
794 946600
874 1.01293e+06
962 1.0951e+06
1059 1.28737e+06
1165 1.37016e+06
1282 1.5526e+06
1411 1.72075e+06
1553 1.97665e+06
1709 2.10106e+06
1880 2.35559e+06
2069 2.54588e+06
2276 3.00386e+06
2504 3.31546e+06
2755 3.59529e+06
3031 4.06591e+06
3335 4.37325e+06
3669 5.2672e+06
4036 5.45169e+06
4440 5.97134e+06
4885 6.69996e+06
