Minimum(µs):        Maximum(µs):         Mean(µs):         deviation(µs):                           measures(µs)
----------------------------------------------------------------------------------------------------------------
       477840       709052       527980 477872 478072 477840 478064 488232 490708 544864 514196 709052 620904                    200223.366
       477732       517080       482001 477732 478104 478056 478364 478148 478208 478128 478172 478016 517080                     21989.249
       477784       478224       478111 477784 478224 478128 478152 478108 478140 478212 478128 478196 478036                       170.978
       477904       550736       486131 477904 478300 478380 478336 478104 478416 478180 478192 484760 550736                     43375.903
       486808       787472       529341 490376 492172 489948 491340 493812 537688 787472 521484 502308 486808                    117979.288
       478332       522832       482979 478712 478608 522832 478444 478460 478608 478532 478332 478528 478732                     17821.741
       478588       746716       559495 589112 481744 488564 488816 644996 554916 634588 746716 486908 478588                    109201.619
       478780       479016       478894 478896 478836 478872 478936 478780 478820 478872 479012 479016 478904                       135.188
       479128       528372       484277 479208 479344 479128 479528 479528 479372 479324 479384 479580 528372                     27727.616
       479520       524416       484188 479520 479684 480008 479708 479732 479808 524416 479724 479732 479548                     15268.885
       485116       789160       607728 526900 541152 626712 685220 748384 789160 660836 515272 498532 485116                    183436.781
       481052       490572       482588 490572 484168 481448 481504 481364 481244 481052 481752 481152 481624                      6301.606
       481812       507648       486396 481812 482540 482456 482080 507648 497440 482744 482220 482436 482584                     10572.893
       483048       532052       488525 483048 483920 483776 483800 483604 484064 532052 483668 483800 483520                     16677.596
       484676       538500       490481 484676 484956 485480 538500 485288 485100 484864 485332 485708 484904                     18132.912
       486368       497220       489194 490436 491456 487916 487748 488836 488720 497220 486640 486368 486600                      3640.128
       488816       762444       647800 488816 493812 488872 666648 700088 678480 726444 758792 713608 762444                    329881.855
       491072       592136       510850 531972 508248 504344 592136 504964 491072 491272 491460 497920 495116                     52948.285
       493788       547172       499672 493788 494416 494492 494840 494012 547172 494672 494460 494360 494512                     16336.120
       497192       574016       505301 497380 498096 497880 497704 498100 497200 497192 497432 574016 498008                     36304.521
       501392       518784       504001 502024 502560 502428 502300 502700 502468 501392 502364 502992 518784                      9401.604
       505060       562112       512559 507348 507204 508424 507216 562112 505060 507412 506348 507156 507312                     16789.956
       514944       748264       593421 556348 514944 699972 748264 630692 558428 643524 544288 522120 515632                    132966.061
       520948       591380       528752 520996 523136 521728 521988 522352 520948 522104 521172 521716 591380                     38798.298
       530788       579716       536289 531388 531704 531284 530788 579716 530968 531684 532648 531140 531572                     14541.172
       540648       543236       541581 541032 541772 542944 541792 543236 541136 540648 541080 540968 541200                      1506.507
       554672       580308       560960 554672 575664 560848 555244 560356 555240 556472 555236 580308 555564                      7418.646
       573228       623324       578975 576056 575044 623324 573448 574512 573620 573464 573508 573544 573228                     21516.324
       601800       781664       642308 612676 608576 607068 601800 642896 690048 648052 622192 781664 608104                     94783.443
       617240       621192       618703 620176 619560 619960 617732 618244 618080 621192 617496 617352 617240                      2593.380
       644940       667456       649169 650896 648152 647248 646752 646616 667456 647368 644940 645684 646580                      6259.493
       680556       708444       686289 699772 683964 683756 681592 681792 681600 680844 680556 708444 680572                      9669.715
       723844      1007616       798364 728144 724964 723844 726312 770288 756816 1007616 836888 817896 890872                    219062.724
       772104       814504       783878 775532 774444 779652 799548 814504 774772 772104 772892 772384 802944                     15503.888
       829284       870272       839824 834444 833840 833544 832552 870272 833924 832440 865816 832128 829284                     13436.613
       898276       946152       906814 918860 902172 901472 946152 902716 900716 899952 898276 899288 898536                     24023.347
       988252      1278300  1.07392e+06 1278300 1237332 1121680 1011496 1082332 993696 1045348 991796 988252 988992                    295226.776
      1085752      1113912  1.09151e+06 1093720 1090116 1089280 1085752 1088084 1087660 1086956 1113912 1091172 1088444                      9200.625
      1215212      1610612  1.32623e+06 1219892 1215212 1224724 1233512 1367176 1610612 1494592 1375296 1255292 1266004                    236177.262
      1356140      1415328  1.37827e+06 1360052 1376892 1402088 1406528 1363028 1356140 1356372 1415328 1387140 1359164                     19142.216
      1570736      2112540  1.76222e+06 1576852 1601464 1578100 1570736 1667424 2023324 1706436 1714036 2112540 2071316                    561292.400
      1773588      1841768  1.80132e+06 1833952 1807424 1814180 1804784 1775816 1776364 1778888 1841768 1806392 1773588                     34574.214
      2065412      2172956  2.10081e+06 2156056 2079416 2072984 2068876 2095716 2089068 2065412 2086612 2172956 2121016                     50264.693
      2394756      3078360  2.52998e+06 2500600 2452832 3078360 2706024 2410052 2458460 2458484 2413164 2394756 2427064                    367025.850
      2785784      3501020  2.98477e+06 3135544 3005068 3501020 3112728 2885988 2887488 2858240 2829780 2785784 2846080                    523006.881
      3286200      3397920  3.33431e+06 3336596 3384244 3303512 3382028 3397920 3306880 3291612 3287816 3286200 3366320                     68214.866
      3837496      4175100  3.95352e+06 3837496 4175100 3910840 4080976 3861928 3975772 3840164 3997176 3914944 3940836                    101107.552
      4540888      4966008  4.64824e+06 4966008 4935124 4555544 4562160 4591680 4589364 4551912 4559300 4630400 4540888                    367559.075
      5360684      5463084   5.4202e+06 5439768 5458532 5439936 5360684 5438680 5460316 5373300 5463084 5387232 5380440                     52790.278
      6386568      6806904  6.48504e+06 6487908 6430852 6478396 6443440 6422632 6544516 6806904 6393868 6386568 6455268                    114553.348
      7573112      7711560  7.63628e+06 7653000 7597960 7587832 7644224 7627284 7640236 7573112 7711560 7702304 7625244                     65981.369
