Minimum(µs):        Maximum(µs):         Mean(µs):         deviation(µs):                           measures(µs)
----------------------------------------------------------------------------------------------------------------
          992         1572       1077.6 1572 1140 1088 996 1000 1000 996 996 996 992                       406.174
         1464         1808       1536.8 1584 1808 1588 1464 1468 1464 1468 1592 1468 1464                       220.400
         1628         2132       1767.2 2088 1712 1656 1640 1628 1632 1644 2132 1632 1908                       218.261
         1968         2424       2060.4 2424 2092 1972 2036 1988 1968 2028 2036 2028 2032                       243.118
         2600         3372       2799.6 3372 2896 3092 3036 2600 2600 2600 2600 2600 2600                       769.148
         2584         2852       2635.6 2852 2672 2604 2596 2584 2600 2588 2596 2664 2600                       157.044
         2996         3636       3123.2 3636 3136 3432 3040 2996 2996 2996 3000 3000 3000                       542.466
         3288         3584       3385.6 3584 3416 3456 3356 3296 3396 3288 3404 3292 3368                       195.464
         3308         4144       3442.4 4144 3596 3400 3312 3416 3312 3308 3316 3308 3312                       605.225
         5184         5488       5282.8 5488 5320 5244 5468 5184 5248 5188 5252 5188 5248                       232.486
         5780         6724       5936.8 6724 6092 5900 5884 5820 5820 5780 5784 5784 5780                       692.382
         7112         7940       7238.8 7940 7280 7160 7228 7152 7148 7124 7116 7128 7112                       543.440
         6912         7564         7126 7564 7252 7352 7324 7084 6988 6924 6932 6912 6928                       685.902
         9772        10832      10070.8 10832 10340 10044 10160 9868 10024 9792 9920 9772 9956                       806.119
        11740        12952        12110 12952 12140 12204 12056 12172 11828 12364 11796 11848 11740                       822.802
        11520        12080      11769.6 11876 12004 11520 12080 11952 11568 11944 11524 11696 11532                       372.332
        13992        14812      14218.8 14812 14276 14236 14072 14052 14172 14108 13992 14304 14164                       441.464
        13968        15492      14408.4 15492 14620 14464 14292 14312 14240 14412 13968 14192 14092                      1041.708
        15656        16852        15884 16852 16048 15856 15724 15684 15756 15740 15768 15756 15656                       793.228
        19848        21496      20240.8 21496 20668 20420 20128 20204 19848 19908 19880 19896 19960                      1376.158
        19748        25680      20609.6 25680 20812 20372 20212 19940 19876 19828 19832 19748 19796                      3888.198
        24456        29544      25265.6 29544 25792 25236 24740 24572 24512 24492 24580 24732 24456                      3485.314
        28676        36760      30212.4 36760 31452 30228 29812 29284 28852 29436 28676 28680 28944                      5920.932
        33364        41284      34653.2 41284 36316 34492 33900 33544 33364 33436 33412 33388 33396                      5958.829
        35284        43788        36860 43788 37532 36760 36316 35872 35800 36004 35580 35284 35664                      5731.315
        42340        54136        44466 54136 46424 44064 42932 43260 43120 43076 42340 42852 42456                      8312.674
        45604        56768        48504 56768 49980 48600 48320 48072 47852 47496 46308 46040 45604                      8204.500
        55640        67448      58607.2 67448 61752 58552 57624 58056 56360 57260 57720 55640 55660                      9118.952
        58352        73428      62436.8 73428 66500 64776 63484 61384 60128 58856 58868 58592 58352                     13870.609
        67352        83468      72012.8 83468 74780 72680 73652 71660 71916 69020 68232 67352 67368                     13449.600
        86068        96540      91127.6 96540 96252 95308 94288 91768 89468 88160 86984 86440 86068                     13404.836
       101956       112816       104799 112816 109096 106276 104940 103100 102328 102284 102576 101956 102620                     10151.707
       112996       118672       116101 118304 118672 118140 118428 117100 115476 114716 113668 113508 112996                      7142.928
       134104       157800       140665 141068 141448 140956 140164 138444 136916 135088 134104 157800 140664                      6964.506
       147536       151816       149543 151432 151816 151116 150480 149188 148744 148248 148504 148368 147536                      4720.877
       177228       185564       179650 185564 183008 180116 178540 178656 179652 178160 177952 177620 177228                      7229.766
       203716       210732       207053 210696 210732 207376 206460 207760 206820 205760 205532 205680 203716                      6359.585
       226336       256028       233024 230636 232692 231684 230792 229972 256028 235256 230000 226848 226336                      9462.159
       261576       284004       266902 263104 284004 274376 265788 264020 263852 264460 264012 263832 261576                     13768.064
       299060       415336       336108 302120 302216 300080 403064 415336 392864 337208 305444 303684 299060                     71294.140
       323708       350384       330786 329148 332856 336648 350384 332540 328596 324440 325480 323708 324064                     17402.416
       367660       375736       371085 373988 373700 370776 375736 369172 367812 372244 370144 369620 367660                      5942.605
       408756       416844       411929 411136 414532 413320 412016 411872 409516 410468 410828 416844 408756                      2347.663
       449388       459824       453387 458844 459824 454900 452976 452216 453672 450896 449388 450588 450564                     10212.174
       519024       560316       528906 560316 528380 523548 520444 523760 523224 523200 546812 520356 519024                     19724.583
       564692       614192       572491 571052 614192 571424 568804 571264 567092 565288 564720 566380 564692                     28194.037
       620556       690340       647626 671360 642228 667492 640928 690340 672532 625996 623024 621804 620556                     55996.978
       725544       752616       733172 725544 731932 729688 729680 733500 729616 752616 744384 728624 726132                     12150.102
       770008       800496       776412 772272 781204 775328 773912 773304 770268 770008 800496 774456 772876                      8162.717
       885032      1187552       946600 885032 894608 891232 886956 930472 885952 1008396 1187552 1004788 891016                    186488.894
      1000484      1072064  1.01293e+06 1004940 1010364 1010568 1008896 1005244 1002916 1072064 1012788 1000484 1001080                     20468.206
      1085160      1122176   1.0951e+06 1094760 1122176 1097520 1090912 1090976 1092920 1088796 1087252 1085160 1100484                     18792.682
      1229488      1412696  1.28737e+06 1268612 1254072 1412696 1283644 1240584 1330252 1303472 1255048 1295788 1229488                     58293.587
      1353780      1403780  1.37016e+06 1356836 1396396 1403780 1363992 1368584 1360104 1384272 1358784 1353780 1355100                     32514.273
      1484576      1868880   1.5526e+06 1521596 1528104 1522704 1489604 1484576 1499792 1490336 1602940 1868880 1517452                    195166.294
      1698364      1787288  1.72075e+06 1702468 1748892 1787288 1700040 1751808 1702252 1714564 1698364 1699420 1702408                     55088.412
      1896072      2187904  1.97665e+06 2185140 2187904 1943720 1950252 1952160 1915584 1896440 1896072 1937140 1902100                    287519.832
      2093232      2115488  2.10106e+06 2097716 2105656 2093232 2115488 2097944 2099860 2101288 2105828 2096096 2097492                      5294.377
      2335608      2413156  2.35559e+06 2380880 2354316 2339640 2335608 2351844 2341932 2345584 2341956 2350992 2413156                     33656.530
      2518104      2693828  2.54588e+06 2518104 2693828 2533796 2536284 2523316 2519412 2551208 2532088 2529468 2521288                     74609.124
      2848944      3599936  3.00386e+06 3599936 3326368 2901368 2914836 2848944 2959996 2903580 2854392 2852860 2876296                    603445.852
      3202924      3967076  3.31546e+06 3967076 3394444 3210404 3222016 3216004 3208696 3269724 3221016 3202924 3242324                    476612.106
      3540368      3859740  3.59529e+06 3540368 3561872 3859740 3586884 3555640 3602120 3544224 3559328 3572592 3570116                    112798.447
      3900032      4509028  4.06591e+06 4041404 3950864 4094924 3924164 3900032 4026036 4509028 4148288 4056316 4008052                    233030.356
      4355696      4447040  4.37325e+06 4363796 4376748 4368200 4364520 4447040 4360852 4369532 4364816 4361256 4355696                     29661.310
      4864600      6991532   5.2672e+06 6991532 5088096 6144896 5031332 4988892 4917940 4865644 4887112 4864600 4891948                   1639000.189
      5354416      5745164  5.45169e+06 5745164 5577160 5472428 5426040 5388228 5401988 5354416 5402048 5365156 5384308                    317878.898
      5931324      6056512  5.97134e+06 5931324 6056512 5950680 5961568 5974672 5955216 5964484 6024532 5952164 5942284                     29778.580
      6661496      6784472  6.69996e+06 6670920 6662816 6769496 6673200 6694856 6699832 6713904 6784472 6661496 6668624                     38713.508
