Minimum(µs):        Maximum(µs):         Mean(µs):         deviation(µs):                           measures(µs)
----------------------------------------------------------------------------------------------------------------
          632         1020        799.6 920 784 720 904 1020 632 852 852 680 632                       201.214
          952         1220       1074.8 1164 952 1008 1220 1068 1064 1136 1008 1048 1080                        59.315
         1012         1372       1149.6 1236 1092 1316 1180 1016 1012 1136 1040 1372 1096                       125.922
         1056         1428       1149.2 1428 1116 1116 1124 1064 1184 1144 1140 1120 1056                       178.982
         1072         1220         1136 1220 1112 1212 1072 1124 1144 1136 1152 1080 1108                        78.191
         1048         1592       1183.6 1592 1124 1136 1172 1276 1148 1136 1080 1124 1048                       311.757
         1016         1364       1160.8 1364 1016 1124 1164 1216 1192 1072 1132 1108 1220                        87.302
         1104         1484       1215.6 1484 1252 1184 1104 1108 1108 1136 1220 1300 1260                       184.928
         1040         1496       1148.8 1276 1136 1068 1056 1040 1096 1152 1108 1496 1060                       160.860
         1100         1444       1191.6 1332 1152 1100 1156 1148 1188 1144 1140 1444 1112                       101.026
         1120         1396       1210.8 1396 1200 1168 1348 1120 1144 1216 1156 1148 1212                       154.805
         1100         1952       1278.4 1952 1264 1288 1172 1148 1176 1100 1112 1120 1452                       471.447
         1128         1320       1203.6 1320 1276 1200 1128 1232 1204 1156 1200 1192 1128                       131.347
         1128         2208       1321.6 2208 1452 1152 1128 1144 1152 1468 1208 1136 1168                       634.968
         1132         1920       1297.6 1920 1308 1228 1304 1172 1180 1132 1244 1276 1212                       444.448
         1136         1680         1328 1468 1264 1136 1204 1240 1680 1260 1232 1412 1384                       159.605
         1188         1460       1277.2 1460 1188 1220 1220 1292 1244 1436 1280 1192 1240                        92.000
         1224         1476       1308.4 1476 1244 1224 1324 1292 1432 1308 1232 1280 1272                        97.817
          964         2080       1280.8 2080 1728 1484 1620 1044 972 976 976 964 964                      1193.968
          952         2084       1370.4 2084 1664 1420 1456 1456 1236 1508 952 964 964                       999.510
          944         2100         1184 2100 1932 1176 952 952 948 944 944 948 944                      1130.865
          968         1416       1037.6 1416 1128 1028 976 968 968 976 972 972 972                       327.704
          976         1220       1031.2 1220 1128 1036 1000 1000 1004 980 984 976 984                       209.796
          992         1212       1054.8 1212 1104 1052 1040 1088 1064 996 996 992 1004                       180.233
          984         1096       1013.6 1096 1084 1056 984 984 984 984 988 984 992                       122.233
         1008         1156       1047.6 1092 1156 1040 1080 1056 1008 1012 1012 1008 1012                       130.457
         1024         1152       1055.2 1096 1152 1068 1032 1036 1040 1036 1024 1032 1036                        98.465
         1052         1160       1084.4 1096 1160 1124 1064 1052 1056 1056 1064 1052 1120                        70.132
         1076         1160       1100.8 1132 1160 1128 1104 1080 1080 1084 1084 1076 1080                        81.817
         1108         1244         1142 1148 1188 1244 1152 1108 1116 1116 1116 1116 1116                       100.295
         1136         1240         1168 1172 1240 1196 1148 1208 1144 1136 1144 1148 1144                        79.005
         1124         1304       1166.8 1192 1304 1228 1176 1128 1128 1128 1132 1124 1128                       154.430
         1148         1292       1180.8 1236 1292 1180 1160 1148 1160 1164 1152 1156 1160                       109.562
         1192         1308         1212 1308 1268 1192 1196 1192 1192 1192 1192 1192 1196                        95.963
         1244         1372       1278.8 1372 1304 1260 1308 1300 1256 1248 1244 1248 1248                       106.422
         1256         1340       1279.2 1296 1336 1340 1256 1260 1268 1260 1256 1256 1264                        79.317
         1296         1444         1328 1340 1444 1376 1312 1300 1300 1308 1300 1304 1296                       111.833
         1348         1512       1382.8 1380 1512 1408 1376 1376 1372 1352 1352 1352 1348                       110.537
         1400         1664       1441.6 1436 1664 1460 1432 1404 1404 1408 1404 1400 1404                       160.742
         1868         2736         2026 2736 2284 1988 1916 1952 1884 1884 1868 1880 1868                       685.612
         1916         2480       2026.8 2480 2280 2000 1948 1916 1936 1924 1936 1916 1932                       479.094
         1992         2420       2075.2 2420 2196 2084 2020 1992 2020 2004 2012 2000 2004                       333.106
         2064         2456       2150.4 2456 2340 2128 2152 2084 2068 2072 2064 2076 2064                       358.100
         2140         2544       2213.2 2544 2284 2216 2172 2160 2156 2168 2148 2144 2140                       297.192
         2244         2628       2334.8 2628 2468 2372 2264 2280 2276 2320 2244 2252 2244                       322.746
         2316         2828       2406.8 2828 2464 2400 2372 2340 2340 2344 2332 2316 2332                       355.765
         2424         2880         2510 2880 2652 2472 2472 2452 2468 2424 2428 2424 2428                       360.099
         2536         3108       2642.8 3108 2844 2616 2584 2560 2536 2544 2548 2536 2552                       464.369
         2648         3120       2731.6 3120 2856 2684 2700 2672 2664 2660 2660 2648 2652                       355.918
         2784         3280       2874.8 3280 3004 2892 2812 2824 2792 2788 2784 2784 2788                       397.504
         2928         3568       3072.8 3568 3296 3124 2944 2944 2928 2976 3092 2928 2928                       509.811
         3080         3588       3174.8 3588 3332 3132 3120 3116 3112 3084 3096 3080 3088                       394.553
         3260         5096         3520 5096 3560 3468 3344 3272 3260 3320 3304 3296 3280                      1167.960
         5156         7924       5809.2 7924 5612 5156 5392 5308 5208 5848 5948 6436 5260                      1105.810
         3660         4448       3778.4 4448 3772 3796 3720 3692 3660 3672 3676 3680 3668                       511.358
         3924         5244       4099.6 5244 4248 3972 3944 3940 3936 3928 3924 3928 3932                       879.380
         5612         9472       7345.6 9472 7112 8040 7164 8488 6764 5612 7316 5952 7536                      2235.480
         4428         5972       4609.2 5972 4620 4440 4428 4448 4440 4432 4440 4436 4436                       935.733
         4728         5612         4848 5612 4824 4828 4788 4752 4728 4744 4728 4740 4736                       555.485
         5092         6052       5213.2 6052 5252 5108 5108 5096 5092 5112 5104 5104 5104                       593.374
         5440         6272         5544 6272 5500 5500 5476 5448 5452 5444 5452 5440 5456                       498.210
         5960         7192         6126 7192 6168 5996 5988 6100 5964 5964 5960 5964 5964                       780.678
         6312         7160       6432.4 7160 6528 6388 6324 6316 6320 6324 6324 6328 6312                       571.645
         6900         8412         7180 8412 7152 7340 7208 6988 6928 6940 7028 6904 6900                      1053.729
         7440         8564       7616.8 8564 7728 7700 7504 7444 7444 7448 7440 7444 7452                       815.429
         8080         9708       8324.8 9708 8464 8184 8212 8232 8096 8100 8092 8080 8080                      1098.043
         8796         9780         8948 9780 8968 8848 8848 8920 8888 8816 8796 8800 8816                       614.515
         9732        11772       9989.2 11772 9852 9732 9768 9800 9844 9832 9772 9748 9772                      1132.361
        10668        13960      11203.2 13960 10912 11728 11100 10680 10708 10736 10860 10668 10680                      2195.877
        18156        23712      20313.6 23712 20348 20324 19892 20540 18656 18156 20464 19948 21096                      2549.627
